09622
05416
03681
07982
03617
05680
06981
08336
06681
00626
06419
02724
05891
02198
01027
02088
08648
05091
05273
04314
02880
00634
04276
03064
02516
05472
01381
07706
04559
02816
02437
02379
08234
08664
07591
06906
08467
07101
07863
05688
03076
09625
09021
00891
00342
06418
00924
03585
09758
00630
01129
01237
06787
08225
09229
07306
05397
01403
05298
02841
08535
06048
04681
00864
03439
05181
03229
00334
07707
03877
03259
04027
00295
04820
00062
05576
00158
01348
03701
05705
00369
03355
02471
05781
09990
00144
02418
02146
07955
05973
03333
07505
07780
03262
06571
00213
03015
08697
09263
06873
03886
08877
03827
09302
04197
04613
09373
03055
04289
04777
07188
00776
05102
06012
01099
06640
06266
05555
09403
08092
01984
09191
08360
08164
08032
07112
07996
00537
01101
09071
02299
09725
05868
03990
07467
04119
00672
05061
09405
00003
07875
04263
00850
09958
09600
09450
01361
07018
08618
01857
08549
07344
03146
09020
00387
09604
01307
03575
02897
00365
08177
07985
06588
08836
01607
07228
03967
04887
03529
04343
07321
01538
08844
06168
00010
08123
03760
03495
05383
04455
05350
00194
09983
01103
02950
04066
01065
08879
09874
09372
07636
04879
06478
00167
00159
02348
06046
02585
02340
07639
09025
08049
03892
05392
00500
06965
06791
06365
06482
00433
05138
01461
06027
07070
06824
04601
01491
04347
05743
09933
00394
07972
05587
00638
08553
06033
03942
02214
07811
01211
05002
09734
00651
07311
01010
05130
03732
02929
04030
02874
01946
00211
06341
09139
02779
00623
06452
02057
08224
01872
02671
01373
04012
02117
09514
04159
02728
00819
08384
09182
06929
06200
08132
08620
01682
08447
00463
02894
04031
02522
09081
09626
05013
03643
00233
00712
06161
06142
04670
02512
04657
02330
01139
01055
08850
04872
05223
01484
06014
01826
03113
01495
08429
01948
00624
03982
05400
04285
09619
09644
05940
01562
08011
00612
09528
09956
06284
05712
03478
04663
00531
06051
01892
03714
01071
06745
04167
09314
01951
08950
09194
09195
09015
01320
09501
06176
06931
08109
08986
03452
02405
07737
04948
07179
02957
01645
00882
08625
01754
07730
05052
01941
04370
01913
09645
00087
09299
09870
07281
03039
04088
06372
03679
09636
08666
03133
04164
09283
00783
00151
05930
06112
09597
01523
05118
06599
06713
04518
01752
07621
09710
06466
04103
03601
00280
03392
02688
07203
00381
05979
05229
00131
03635
08715
00017
09787
03618
02136
00939
09024
01882
07049
02604
03231
06252
03430
00647
09230
06242
00526
02935
05533
01977
04384
05495
02796
07010
09679
00944
04500
07013
05907
05957
07251
09947
08038
03363
05279
03922
02326
08170
06211
09110
05226
09078
04367
00840
02748
06061
06942
08410
07663
02648
03741
09363
01411
00734
05419
09136
06413
08825
06995
03241
07326
06206
01979
04028
05210
08197
01198
08965
04551
01798
06628
02145
05296
07741
09799
01580
01569
03933
06591
00040
09504
08301
04661
02569
00796
01310
00844
01819
09090
06834
00834
06251
04333
05221
00111
08780
07213
08482
07276
03962
05679
02164
08563
08474
07220
00413
02470
04890
04520
04821
00639
00693
01812
00287
01652
05087
07432
01163
09218
03755
07162
00989
06289
04981
04045
06520
02147
05053
08151
03391
09254
05532
01173
06374
04560
05749
05630
06740
00754
05550
00843
01457
03068
01743
08789
02903
07506
09364
03357
08513
05465
05774
09149
08798
02233
02584
03531
01077
08764
05812
00026
05801
07230
03411
03861
06386
04642
03205
08593
05174
02462
09271
03514
03969
01355
06543
01609
06684
05354
00717
09684
00100
00332
05693
04247
07953
08090
09857
03657
08987
03131
03694
06971
01075
06512
01284
02864
00322
02139
07648
00028
06271
01425
06798
07177
09098
04362
08211
01947
02799
08776
09273
00415
00014
06358
06381
01191
08726
04891
03296
02603
00196
06115
02109
03243
04295
00253
06634
06689
01733
09822
06188
00036
02583
09647
03693
07189
05535
09551
02380
06779
00707
02264
01116
09979
00646
00822
08528
03845
00324
01983
09895
00166
07336
09033
06701
05655
06121
05521
08566
03624
06189
08602
02687
04050
00260
06862
09060
00701
02960
09921
06510
04904
05527
09472
05622
08351
09766
05151
06486
06403
05339
08951
01200
01695
08643
03905
06010
08050
07242
06148
06592
03264
05320
08485
03480
01195
07267
02925
06994
00753
00473
00869
07115
03634
05170
07105
08191
01578
08904
03758
05789
08154
03082
01124
01883
03157
00288
00943
07934
06566
02739
08184
02712
06141
05561
05096
01634
01886
06897
07616
05456
08941
04400
04319
00987
04936
03424
01360
01767
05318
01453
04749
08569
04429
04744
00735
05160
07237
05920
09515
08239
07882
03476
00353
08917
08379
05129
02790
02415
08779
00684
09494
06703
01923
00690
01193
02197
09456
02465
03650
06734
02763
09435
08328
07619
01022
01701
00474
00993
03359
02220
03266
03454
08958
00037
07908
05546
09838
04436
01013
09821
03228
01631
09225
02716
02984
09942
08062
02933
02872
09939
03358
01440
07372
02296
02280
03920
09204
07816
01456
07826
04070
07889
00856
03445
04964
05840
03752
07892
04038
02727
03564
06449
03046
00508
03806
03034
02169
00487
06730
01741
09843
09698
03578
08484
05875
05574
03335
07393
09104
09824
08084
08491
07169
01653
07390
08186
07483
02313
02795
09953
00959
02000
08411
08315
07157
06612
01052
06918
01703
06899
00335
07216
02156
09348
09368
08051
05914
06351
02557
00829
01916
05224
06919
00913
03479
06538
01650
08101
02232
07839
08939
04782
08281
09510
01970
08059
01692
00370
00445
03729
02810
06483
08015
08831
06036
03874
01800
04986
03740
07885
00105
07952
05578
00186
06442
06650
08924
06207
03302
05414
09137
00471
08653
06555
06288
01969
03554
09396
00076
07620
01486
07758
03029
04212
07280
07484
06185
00009
06053
03247
03573
00999
08756
05490
07935
09170
07838
08699
01398
07725
03574
07605
03857
01986
03553
09132
04250
09814
08262
03816
07988
04445
06898
09530
00330
03164
05064
07632
05359
08153
04307
01365
06004
01391
03298
04837
02632
02357
07684
08599
02831
07364
01685
08963
03622
04094
05515
04838
03669
03260
01118
03387
01114
01833
04190
05626
03600
07342
09567
02187
05228
00122
08326
04895
04868
00312
05611
05619
06002
02175
09250
03570
01346
00027
09052
05009
06369
07419
01419
01744
00039
07295
04683
02626
02069
08983
01938
04325
00926
03525
06532
02121
06278
00575
06811
08319
05987
00359
07830
05623
01106
04117
07532
09220
02566
02915
05643
01846
02690
04876
06997
02447
00465
02821
00868
00895
06595
02020
06409
00226
00764
05050
08992
07187
05308
05107
09920
09894
07855
09061
09259
03423
06083
02988
03912
01249
01048
06847
05139
02206
08345
00774
09692
02255
00621
00498
03913
03582
04603
06125
04533
03516
00542
01016
08573
02335
03367
00743
04279
09236
01943
04865
03780
03200
06936
03805
08372
03465
00594
08158
06370
04004
03626
07614
02738
01395
02923
03477
07221
08524
01154
02502
07754
00393
03404
00511
06878
06378
07312
05604
09201
02383
09654
09727
05079
09779
04634
05908
06544
04206
01068
05596
00071
04973
03318
00974
09293
08118
01204
03073
03408
00318
05507
04063
01430
05097
06192
01498
04704
03379
08495
06175
03586
00084
07290
09581
04555
04556
09922
09329
00264
07268
04133
09545
06710
07388
08129
01375
09997
03745
02506
09166
01446
00694
01102
00791
01402
07099
09433
07000
05925
00220
08394
05379
03797
07121
09419
02159
07019
04915
05882
01648
02030
01684
01131
08740
09135
06031
02391
08255
03649
07723
09121
06146
02508
03978
02588
06011
04723
07438
09432
04993
01643
03386
08637
07596
09482
03183
00663
06317
03036
01122
01260
02637
00704
04365
01808
05900
08724
00246
05898
09455
00678
07950
07100
04659
06746
06487
02597
03009
05802
08036
05254
08426
01642
09387
05260
08266
04574
08761
09683
09562
07457
04158
04814
09872
01034
00427
01931
06237
00142
04412
02036
04141
02964
06607
00055
07174
00259
07092
01899
03566
06914
06907
03785
06368
00459
08640
06828
09573
07109
03829
07175
08900
03807
09682
05188
00480
03484
09906
03237
06030
08763
00198
08353
02549
01770
07171
04646
07009
05808
08938
05755
08733
03322
06259
09847
04655
08777
04598
07812
09026
04524
05324
07674
04273
06227
07150
09483
00197
04609
06913
07909
07930
02331
04685
05570
09615
01930
01317
05740
05090
07551
08663
00680
00890
05493
00806
00673
06043
00667
01084
09702
03147
03959
03832
06225
00400
05580
00881
02562
03097
04351
04734
06986
04938
00130
06888
03038
03003
02387
00870
05947
07823
01333
04830
08418
07229
08834
03273
09141
04138
02954
04939
09554
01635
05093
07012
02683
03970
01937
08826
07773
00804
05215
04067
00488
07334
00877
04736
06983
03994
09767
06944
02364
00475
05478
04354
03687
06836
04284
07843
06136
07992
00199
05253
01459
08264
01157
05767
00591
02870
06548
02420
00816
08673
03659
05791
05429
07340
00137
01480
09791
03628
08286
09335
06895
07571
06516
00323
00231
04716
03744
06894
07239
03294
02843
04697
09010
06472
01801
02855
03175
00343
06513
01150
04823
07998
02947
02014
04653
02025
00236
08979
02316
04433
08253
03695
04935
02246
00209
07789
08312
05934
09511
04200
02251
07356
03546
07214
06604
02126
07069
08274
07426
03070
06495
04859
00888
00424
07627
08601
03110
01848
09737
04296
05289
09325
04078
03559
07705
02060
08771
03897
03035
03534
09670
00022
09516
08683
04766
01136
01958
03138
02334
07965
09739
05071
00128
03505
06780
06870
06461
05929
01465
05597
03321
09889
05605
09079
02200
02094
02552
08809
08031
06964
00586
06219
04873
07510
08081
01368
00765
00274
03407
00057
05792
08968
06205
04929
07384
07893
05303
02634
02975
09582
06655
08240
01687
00124
09292
04123
05276
07495
07149
06644
07357
07727
04888
05080
07868
09686
05164
07403
00169
01172
01367
04016
03447
08329
06602
05883
08884
07906
09520
05553
04058
05268
05086
07691
04415
01623
02317
07766
01676
08624
05446
06956
02620
08797
08146
08349
06752
05390
09569
09004
09099
09323
02526
05242
05892
03370
01132
02530
07215
08631
01552
05719
00101
02399
02385
07502
04375
04509
07612
02058
04702
02321
06198
05962
02309
03708
01624
07608
06059
07813
08545
08273
02441
00021
06991
04326
01956
04355
00985
03378
08115
08393
04978
09311
08443
02149
04055
07461
05385
08709
06257
06565
08641
00509
00085
03427
01050
01745
04039
02611
04260
06808
03416
07278
06802
07131
07819
02221
09687
06910
02237
06082
03517
04905
01323
01543
06258
04620
08530
06107
07587
09864
05337
03316
07392
04483
08725
00281
06416
00858
09599
02308
05487
04525
02598
06853
02733
06666
02617
02018
01964
07309
06611
03142
06900
07787
06869
09304
05878
08738
03619
00527
01714
09951
04594
05658
03203
05476
05003
04940
07920
04438
01586
04618
05342
04435
04461
09612
06160
02037
08791
09784
08932
07398
02832
05165
05251
09468
07913
09350
03727
00134
07656
04715
09028
07198
09451
04257
04827
02515
01351
02884
02705
02482
07361
09570
02788
04303
00691
06856
00706
05500
04041
01046
06596
01426
00631
06902
08949
00113
04788
01177
08898
08423
00207
05664
00436
06947
02669
00276
08541
05504
03855
08714
06673
05387
04377
08278
08849
03991
09794
07724
00175
03244
02152
09584
01932
01152
03160
01184
04239
04699
02647
07247
03030
01537
07140
08773
09868
01759
03428
08179
08523
02629
09820
01520
08515
02751
05618
07841
07062
07061
03018
04688
09800
05861
02546
02834
06525
05208
02289
02771
05070
00605
03491
00165
08374
08832
06397
09200
01318
00522
03140
03646
02623
08140
02653
02023
07936
02253
04409
01668
03056
06154
02489
06239
03225
03320
04694
05579
00202
06603
04812
02814
07995
06041
03512
07891
03196
00121
02833
08792
05917
05299
05140
03360
09493
03539
03226
03214
07717
08838
02905
06138
08512
00179
03753
02451
05236
00314
09943
08821
04091
00937
08026
05903
05190
04801
09327
03334
06249
08167
00290
07945
00847
06646
06499
01855
06234
05203
04811
06959
07508
04541
08422
05815
00438
06645
01309
02093
03889
09032
03509
09116
00546
05100
06636
02882
07757
01339
03280
06606
01447
07796
08136
04245
09066
09158
05601
04591
02615
02319
02643
03569
06128
00325
09690
00178
07570
03449
06260
01460
03365
04187
04386
06865
02995
07488
08388
07468
09583
00119
04636
07558
05662
02011
02339
00155
04110
04149
03485
00540
02622
05377
04970
09993
01017
06008
02820
04732
02183
00391
03162
00980
02701
09031
06527
04427
07431
04850
04854
09718
02994
03048
04532
03144
04719
00126
03075
01142
09526
04607
03375
01960
00859
09538
06678
06328
06620
02450
09917
05714
04554
09972
06118
00558
09357
03405
02038
07655
01786
05467
05899
09532
08247
00852
07549
01887
09243
04090
01354
01982
07547
01674
04342
04772
06621
09186
06157
08910
01156
03999
01290
05304
03020
04977
02277
09938
04980
05433
09764
08783
03132
00278
00094
05668
03230
00585
00399
06769
04331
01372
02350
05776
08378
01123
08842
03565
01585
04353
01663
05402
05897
07474
00423
00099
03555
08500
09537
01638
07817
06430
09733
04019
01234
03250
08236
06232
02798
03854
00114
03089
03906
08897
02151
09301
00900
05262
01914
05621
08441
00826
00429
00306
01499
05125
05645
03972
03186
07035
07262
05865
09242
00669
06756
03781
05759
00744
05725
05616
00603
08335
04294
07539
06789
00607
08480
03904
09994
05986
01113
04003
06675
07778
08486
00982
08417
02135
00515
09825
00602
02075
03862
01898
00403
04311
03654
08169
08241
03757
02266
00409
08865
03077
01696
09231
00861
02822
05085
06359
01776
05020
03581
01108
03716
01625
08425
09680
01518
02982
07234
09474
06463
02215
08033
01718
04958
00938
06316
09621
03303
01889
09781
06974
09258
00896
07553
07971
00960
01140
00029
09553
07222
06480
07090
07071
09839
03256
03436
07974
00450
06667
04804
03168
06247
01089
03346
05485
05194
03101
06047
00240
04032
00524
07522
03768
06699
02107
04486
07683
05671
06823
03931
04165
00568
01571
01492
06213
04356
05927
00170
07544
07975
07004
02913
04014
03556
03873
02397
06439
09069
07015
03530
00013
04382
04146
02559
04678
02370
02849
08068
00666
08527
05455
05968
05677
09918
08874
08870
08883
00082
05310
08906
02500
02291
02363
04822
01525
07042
04566
04237
02242
05201
08233
00360
03356
03611
04664
04010
06912
05322
02568
08261
02170
08053
02869
08766
07680
04925
02282
00456
04580
02943
04946
02346
00420
04213
08185
01961
06530
08707
06651
08222
06407
05750
09974
05879
09400
04637
01717
08824
07977
03122
07957
00636
07729
08944
05073
08207
06380
02587
04323
05106
00878
03087
04971
08696
09508
05026
07119
09054
02578
04807
01981
09496
07795
05043
08392
01020
03195
01030
09608
06363
08421
01363
07628
06950
00425
06145
05629
02446
08455
03789
05873
04338
06389
02104
03728
00078
00389
03067
05143
07299
04487
03312
04456
08209
03239
01255
06961
06721
05104
02544
00592
06163
07962
08993
05459
06545
04203
03272
08135
03592
00574
06186
09484
01148
04785
07689
07792
05563
05997
06770
09413
02746
07519
09735
08007
08647
02703
02389
06147
07607
05205
03865
01149
03787
02720
08962
08885
07514
02231
05343
07801
02063
01213
00292
03521
02320
04752
04207
09658
08453
06447
02064
05395
01524
07928
03503
02744
06275
00923
08271
07721
06558
00326
02492
05326
01292
03128
09358
09280
08956
02153
01917
01865
00208
03786
00930
06859
00033
09618
04151
02973
04731
09486
03401
03084
00138
05166
02941
02342
04396
09408
05344
08063
05044
06382
09119
01595
03685
02887
06350
00257
06045
07462
03878
04747
04798
03324
09253
01605
03932
08815
09444
02412
09223
00350
09662
03170
04191
08604
06541
02273
07526
01765
01432
09503
02830
02951
06580
08339
09754
03257
04669
01296
03270
04306
06343
03851
02425
01540
00557
02461
03775
08121
06040
01476
07670
00478
00388
05054
00970
02307
06837
06972
01475
00305
01230
09150
00098
07454
08788
08846
05327
03107
02354
06584
00118
07611
04548
02026
06860
03765
00273
09790
05514
02305
03577
08521
04726
01474
03269
04724
05573
00897
00845
04975
08435
03837
06091
05732
01796
00541
03515
09609
03151
06940
00751
00272
02163
01241
09923
06575
02574
07367
00493
05368
04127
03673
04434
03163
02393
05277
03472
02910
09386
06943
08311
09660
00611
03651
03246
04877
05582
07074
03489
06822
07494
07760
05283
06293
06415
03353
09222
09883
04969
02257
06814
05335
07603
07835
09203
08357
01700
06069
02735
00534
04759
08163
01485
04126
02682
05355
05814
07652
07178
03497
01720
05000
05569
08736
00771
06066
00015
03808
08922
08346
04947
02824
01576
01999
07565
09385
04718
06659
00598
08550
03540
03396
03736
02636
06353
03126
07733
03655
01704
08244
02696
05863
03667
01319
00899
06958
02996
08029
07076
00825
05697
02605
01630
06058
07582
06256
04817
06267
02388
03843
01343
03642
03548
04152
01564
08057
08739
02438
07629
08144
03008
07147
09118
07337
09244
07293
03492
08292
07266
08586
02815
02865
01259
05323
02148
04536
03541
01839
08702
02426
05857
01606
01455
02791
07406
01088
02726
02477
04511
08861
08516
04869
06656
04178
04219
02565
03051
03776
09749
09854
05919
01825
09089
09761
09738
05741
03227
00203
04606
01777
02663
04274
01539
01505
09788
09935
01545
05851
07180
04930
05457
00633
05539
07472
04955
05244
06208
00732
01383
03937
04990
06505
06312
07098
00711
03934
06788
01216
08427
06434
01612
01028
08503
09241
08806
02607
03139
04644
04106
03349
00886
00256
09869
08978
09320
07238
03504
02958
04588
03774
08989
05964
08042
06804
09445
05418
08872
01838
09505
05195
05281
01787
03723
03024
02031
02337
01297
08056
07184
03114
01526
07563
08021
09630
01860
01762
07728
01773
06879
07905
06534
04249
08558
04779
02453
00983
00715
07374
09760
01015
08477
09332
05025
09277
04013
07400
02223
05239
01312
07805
02112
07186
04021
01405
05888
00652
06306
09295
04255
06854
06688
05547
02668
09324
07016
08489
05778
02586
01079
05695
03662
08598
05300
06926
07420
06072
07470
03762
09427
03929
06777
04965
03608
09988
00091
08687
05477
01386
04535
07219
00319
03242
01422
02140
07788
03124
00637
06618
04985
07491
04635
01452
04481
06605
00920
05059
05042
00081
08356
05502
01074
01098
07478
03682
09412
06890
03470
09192
02711
06501
03549
08046
07243
03552
07007
07385
06668
02199
00123
08708
08583
06996
06432
08468
02828
07348
04786
00668
00042
04582
01507
03031
04803
02002
09646
09362
03027
02119
04227
08612
07743
08703
01919
07223
02970
02262
08920
08064
08359
05984
08317
05413
03748
00872
09205
03698
06243
04512
01269
09866
07638
05536
03859
08589
03037
01601
08350
08504
05852
00979
04201
07939
02980
00570
09143
02288
01785
05481
02664
06093
07865
08833
05200
03275
00262
03621
01830
02657
08133
00940
05862
09312
07028
08814
00052
00780
04615
00928
07038
02610
06540
03713
04109
09873
01829
07319
08727
03800
00812
02323
09700
02600
00838
03676
07194
08623
07469
03022
04867
04182
00963
01811
05770
09428
03279
03127
00617
04278
07408
06349
00757
03019
03631
03590
07139
08116
06577
00190
08587
07590
09628
02150
04599
03948
02931
00378
02906
00671
07050
06954
00955
09210
05271
06455
03135
04251
01921
07886
07380
09044
09122
05483
03872
02443
04310
03822
04144
02133
04000
04894
00163
08914
09076
04514
01870
08079
00739
06453
07765
02926
02850
04469
01146
03161
07715
02858
05364
04489
03828
07521
01529
08734
09328
02571
04737
09123
05575
03158
02997
01727
05425
00561
09246
07200
03483
01039
00716
09305
02090
05723
03351
08657
03467
08671
07253
03677
08002
06003
00035
06526
03418
02160
02193
05357
08054
02303
04071
07688
00065
01336
06829
08622
01334
02392
08139
04453
09106
01600
00379
01679
08408
08902
02672
02723
09770
09179
04650
08654
05980
09966
02186
00269
02086
02572
01471
02488
01235
08918
09349
04426
01496
04941
06123
08855
00348
02734
03116
04380
02448
03610
05149
01974
05685
02976
00404
07530
02082
07744
09613
01133
08354
00761
06519
08479
04976
01542
01573
08888
01927
02675
07662
06116
09980
03044
06619
07248
03332
06070
02920
02971
00162
00799
06916
09371
06708
04995
03094
05608
03278
05564
04466
06079
07261
01429
04767
01377
08999
04222
00432
04874
00609
02857
01955
00722
07550
05186
08458
00721
09125
04155
09256
05103
04478
09757
08656
07517
02035
02917
01032
09907
08716
07511
04262
04857
05348
09924
05672
07104
07799
02430
08744
07541
08416
07552
05259
02427
01660
03692
03292
03535
06539
00049
05687
07751
05460
03426
01298
09039
01856
08794
02144
01293
08119
02628
06137
02473
02078
02991
04005
08000
08878
08419
01996
07490
07003
04742
06420
09865
07557
09199
06335
03211
04226
04753
03507
08150
01243
06080
06984
03021
09168
03536
09185
00349
01636
03950
00627
02890
00975
03085
02373
07163
05412
09594
03858
02570
07574
00491
05988
01799
09276
08488
04968
06017
09070
03010
02344
06830
08901
08088
05438
01618
00430
07487
00376
02621
04034
04122
08675
02658
03543
05122
07097
08717
08398
02662
09221
03350
06390
03613
04818
03955
00089
02948
04358
09987
01866
06993
01018
05037
02239
06194
04538
08908
08048
06700
06559
05353
04112
05727
00189
04911
02808
07626
07567
02362
05763
07382
09388
00180
08617
01902
01818
02729
07976
07207
07323
04329
06522
06781
08496
06325
01044
07880
05633
01837
01417
02483
08793
09006
06338
06005
05001
05172
08781
06195
00476
05804
08368
02550
00064
09416
02998
04288
06264
06661
03674
09688
07351
07375
00041
01023
04388
00925
01551
01185
00156
09442
06747
06951
06322
04079
02195
09903
03880
03090
01161
04870
08246
08506
06274
01610
09463
06514
00337
07890
09890
04022
04604
02619
09217
00683
06741
01764
05739
09513
08367
00942
04368
05156
08034
08478
04080
05220
06282
05018
09544
00622
01781
03224
01824
03134
00964
00344
07644
01119
09187
09038
04504
05798
06782
04629
07500
09568
09805
07942
04597
03199
02295
00892
06598
00395
09802
09522
08651
06086
03804
07759
03314
02860
03550
03614
06751
01922
09909
04392
08446
05751
05985
05711
01702
03069
00588
03852
00530
05526
05329
06809
02722
03040
06064
02710
00972
01130
05859
07951
03435
04221
05442
08886
05280
04997
00670
04595
08829
09711
09607
07476
08880
00497
02077
02279
09830
08858
04018
09523
09457
06450
06155
09434
09579
04186
05112
05509
09162
07529
04794
05977
05731
07145
03299
08912
04919
02240
04181
02132
00338
05124
01841
05057
06945
07818
06113
00472
00011
08180
06738
06682
02826
00805
06561
00279
07806
05591
05238
08391
01144
07669
00618
04318
05065
09180
09257
04484
06334
09694
00692
00316
02524
00102
04153
09902
08272
06329
06901
04691
06616
06930
07231
06982
08694
07154
01901
02390
09876
00528
05066
03192
01876
01633
08340
05981
05768
01201
06081
02265
03717
03091
01971
00727
08864
07257
05833
09795
05393
06999
09769
07083
00002
06060
09593
05427
04755
02422
06203
03263
04113
06765
03963
03898
02807
07359
01301
03881
08982
04757
00149
05004
06164
03968
08928
08381
04302
09833
05021
06709
00426
03193
09473
02269
03636
05524
07241
07264
05543
09585
05407
08465
03956
02520
07087
02413
08231
02245
03946
06723
02898
08406
08704
08619
05234
04924
06586
09543
03952
06108
05540
01283
00339
01581
07212
02054
08960
02823
03152
06563
06536
05786
01458
08161
03965
07301
08652
02928
08719
00458
02398
07690
04526
01851
04305
09804
06475
09085
06399
07130
08008
09856
07782
05219
06103
03915
03683
02741
05684
02010
03054
07054
03496
05508
08937
06319
00145
00565
09315
01912
07695
00969
01788
03331
01753
05187
01709
06210
00703
03700
04996
00464
02361
02454
08778
07182
06528
02504
02261
04531
06236
04494
07583
09198
03123
01771
03466
03638
00373
09492
01469
01439
00644
05183
09188
01735
02250
06893
09665
00740
04002
05019
07421
04727
07600
00455
07969
09001
00050
01780
06276
08935
09632
09389
04272
02606
05240
02555
06057
06262
02084
09601
02940
00168
01409
03524
09458
08732
06077
02226
06454
04398
00898
01734
07752
04097
00309
00492
00193
01628
00303
02979
07943
05585
08930
01810
06831
02134
09556
04832
01608
06920
01807
06952
00271
08055
03286
08237
03604
00266
02456
00452
01774
07853
00354
00120
09381
09321
09002
03060
01548
08220
08285
02300
03045
03691
07560
02386
04291
06665
09206
06743
00481
06233
08946
07701
07512
09765
01949
00291
07589
08373
06102
03778
04639
02267
04379
05746
06758
08439
05657
09058
09224
06753
04175
04381
04668
05822
06292
08552
08471
08245
00518
08559
09022
05747
00569
00485
08972
07339
02180
00681
01328
02118
06759
09595
05556
01746
06022
01117
04863
05673
01945
07136
08454
09091
05479
02459
03025
09985
07124
01884
04290
04241
07418
02062
07079
05960
04476
09252
07202
08216
09949
00479
07082
08483
02411
04317
07031
03181
08674
07026
01817
01135
08122
01396
00227
04051
01313
08316
03887
01436
08189
03344
02684
02202
01813
03840
02439
04793
03583
07884
04458
04357
08448
02985
09944
02541
03772
00659
06021
04156
08508
04640
01072
08176
00408
03061
06493
06570
05806
09370
05823
03438
09502
05466
03868
08848
02525
01109
01180
07439
00583
02154
00217
00835
08215
09452
09982
04565
07093
06763
00311
00243
06842
07429
08891
09638
08258
02862
02209
04446
01420
08768
02141
06135
08461
01730
09147
09614
08284
09446
00817
07777
06574
06909
08338
01775
03004
06748
08440
01171
05209
03696
04880
06722
08306
05710
03388
04834
03443
06398
09746
04411
09095
06098
04177
00956
09648
09590
09831
05694
05302
09887
03842
01389
05853
05916
08542
06337
01577
07245
01820
05063
06290
01975
07170
01352
02103
09159
04267
09955
04345
05647
01267
08931
06230
09937
05401
00355
03945
07827
03839
04225
07020
01025
09354
08845
03773
07867
00525
09750
00442
03413
04696
08370
00004
01603
09047
04762
08012
08067
09663
04886
08069
04281
02381
02780
04086
07978
04261
08433
00976
05832
09730
02475
09401
09461
08395
06695
00418
07767
02212
05275
00992
05024
08582
07034
09138
00058
09991
00665
02091
07325
09406
00520
06460
03006
08953
06469
09055
09238
03725
01698
09832
04025
05473
09652
03268
01406
07832
01885
06905
08323
02070
05967
08134
05361
07404
09740
08961
06896
00483
00499
04287
05716
05454
02033
04017
05278
02367
08385
00221
04839
03096
04950
08213
02800
00789
04298
04806
01647
07585
02579
00768
05184
04369
06323
08125
01806
09100
05269
07037
09142
00141
01737
09190
04824
03414
06609
04248
01501
01063
08072
00762
07781
07561
04230
08160
08996
06218
06727
07111
03985
02101
02003
00787
08451
00674
02848
03317
09708
09936
06761
06976
09780
08052
00453
01300
00567
00139
06679
04330
05137
08104
01514
09318
02080
02449
09042
07455
06783
09462
09331
07355
05309
03441
00946
01990
08681
01875
00484
05109
05177
09128
01462
01153
07854
04108
02122
03508
06551
05955
01096
02914
07346
02624
04114
04648
04037
01454
05785
03584
09479
01369
04926
00467
05092
05745
07970
03500
01264
09879
09801
02759
07117
08692
08182
09274
07834
01881
02782
02194
06613
05983
00252
01341
01584
06159
02713
06151
03562
03191
06074
07595
03313
01276
04048
06977
09459
00803
05530
08700
06101
07152
07700
09193
09282
00967
03417
02778
08196
09844
03602
09491
08529
00421
00012
01530
07703
08409
03081
04419
09726
01137
00947
02019
07667
07405
00363
00282
07452
08555
08299
04602
08305
02595
01183
03678
01029
00584
01614
08650
02809
02990
02236
09464
02921
02358
07173
00718
09423
01278
03340
04581
05698
07933
09361
00090
06778
00810
05498
07330
06090
04540
06542
07316
04999
04321
01939
05120
01959
00543
06421
07377
09161
03856
09196
01081
01840
01904
08363
04617
05715
01424
01897
07423
02983
03688
07651
08557
04497
04104
09914
04577
09540
07807
09337
08919
02667
02594
06476
09130
07507
02749
00331
03706
01239
01306
01481
05549
04192
01834
03165
08296
08190
02509
08334
00070
07435
05153
05796
02083
02599
03149
04052
02977
06638
09964
03305
02651
00225
05285
05171
02306
08936
09701
02432
09715
00544
08596
03911
09480
01488
04185
09899
04893
03834
05941
04722
06568
04072
05811
04698
07308
08282
01706
03481
07931
08110
07446
06297
01450
01992
01335
09509
03315
00823
02999
09745
05126
07802
05094
04495
01058
00153
06572
05389
05665
05790
02645
06771
05480
02895
00730
05376
04513
08522
00059
03419
00160
00606
00127
05286
05581
07410
00640
03735
00833
07745
04953
01602
05430
05123
02137
02765
01926
00581
08321
06562
01299
05599
04666
01112
05593
02310
06736
02001
04472
08688
01907
09346
03997
09124
08954
03102
00237
04490
07797
03542
08041
07938
08436
00728
01613
06393
01987
00533
05328
09269
02004
02252
09813
04864
08127
04440
04077
05800
09858
09048
08644
06110
09977
06261
02974
06719
09970
01040
07659
04674
01725
01078
05850
00905
00377
05726
04064
02505
08198
02079
04371
01736
07664
05152
07573
09650
00782
05451
00790
02041
06750
00451
06099
04414
04308
02527
02846
04960
03125
00710
05525
07666
06507
01224
05321
05488
08655
03409
02158
03459
09777
00239
07129
08592
05557
05572
03285
04549
02485
00779
01433
00133
06440
01490
07658
07283
07148
03106
02347
09279
06354
02737
08094
06978
02952
04428
07833
04667
02709
02702
00912
07533
08565
05826
07917
09908
01251
01470
03924
05951
01632
02176
04918
03882
04931
02922
05758
03455
00818
08811
06394
06458
06564
00824
06391
07043
00327
02618
02697
05819
01859
03422
08966
06144
06388
06314
04849
09333
04774
03323
03380
04082
09517
02601
01229
06712
01228
00908
06820
06344
08014
03026
08728
07412
02901
05923
07249
02873
09093
06882
05893
00435
03366
09860
00440
04265
01662
02540
09281
07869
09971
03194
06280
07465
03720
08325
05249
05078
07195
01547
07879
07277
04758
09489
09083
05145
03016
03354
04692
02969
07800
08155
07769
08658
08141
09127
03050
08040
01691
05452
07770
06315
01376
08863
04700
04630
04920
03587
07376
01321
04656
06076
07524
09154
05784
03954
09075
01989
02157
07984
07017
07911
02517
05942
05856
09067
08415
00742
03325
02008
02659
02048
02514
02811
04233
07922
04914
02534
07275
00625
06471
06817
01031
07479
09082
05131
06429
01182
05341
03993
04741
02395
08974
06962
02806
05738
06037
01001
01592
01657
02174
08365
07786
05133
00536
01115
08933
07568
05204
06626
05824
08080
05060
07579
01557
07732
04909
07916
07661
04720
03751
07338
03047
02513
04423
09429
09878
09390
04491
09954
02092
01214
05197
09668
00772
09114
03005
00230
08576
03190
04163
04790
03528
01353
07764
00222
09751
06436
07232
01566
04430
04130
00034
07641
06694
08235
05945
03640
03653
03095
02116
08820
09852
03730
03689
07292
07146
01871
00519
05076
00195
03593
05035
09816
06785
08268
09623
00953
05048
09689
00802
09624
04928
00675
03319
00851
06307
01408
03071
08188
04293
01621
02978
03791
00862
02812
07897
01145
03410
00582
02429
02419
04199
05797
08091
04085
07586
09235
08659
02099
01568
01332
01666
02681
06023
06503
05639
06129
07898
09673
05272
08828
02353
06806
08869
02417
03339
07227
02593
00074
05292
03117
01061
02686
02276
07204
08634
07286
01095
05756
03372
09394
07138
09074
09884
08759
04223
05966
01805
06387
01042
04800
08117
03078
03249
05075
05773
01199
03973
09818
09306
00296
09747
00494
07594
07365
07538
01673
01226
04878
07968
06861
07091
02161
05265
01202
04009
05885
01350
00447
05216
09008
05954
05358
00371
00516
02268
00951
01069
07084
00547
07761
06866
07575
04180
00152
08568
09011
02298
03588
08947
06355
06246
07623
09617
00187
02965
04083
04413
02071
05854
07387
07027
04493
05588
06411
07734
06790
06725
00410
04432
03625
07493
07860
04410
02211
06333
06464
04092
02962
01738
07673
05038
03810
03137
05918
01076
07208
06587
02761
00714
02762
02766
05970
08758
07250
08457
08018
06887
00285
07562
01272
09316
03066
03660
03939
07014
07445
07634
07211
00948
09927
02677
05771
03814
09303
02050
06955
01590
09753
02338
05683
07190
05567
02886
05225
01589
03623
08868
02073
08609
03870
02797
06704
05681
08729
08684
04943
00793
03930
04783
07417
07132
08424
04564
07676
08679
06988
02467
00941
08078
05827
03482
00700
08813
00720
04026
09771
02854
02225
04841
01711
09351
04389
00837
03644
06117
02787
00056
06143
09466
09249
04096
02301
04605
02216
05313
05068
06376
02554
01019
04735
02072
05141
04933
00917
06711
01793
01758
05779
08332
00362
00696
08690
01792
01637
00061
07642
09043
08412
08438
00063
01008
00767
01254
08001
00136
03979
02394
02457
07051
03863
09882
06812
09527
07599
05178
02314
00962
05656
02374
03433
05366
07153
03788
00832
08661
01080
06443
00676
07065
01920
01900
02491
04530
02464
00613
08882
07391
07422
02285
09960
05537
02674
08251
08061
05235
03377
01554
05911
09326
04232
06864
02207
08705
09928
04344
00661
09934
05351
08597
04301
05005
03908
08017
00932
07635
04099
01489
06903
07963
02731
03864
02345
08070
07048
04810
07144
04932
06294
04268
01710
07407
00699
04360
07499
06749
03658
03812
04563
03597
01493
01615
02918
03665
00265
06494
07294
08466
03563
06610
07106
00532
05950
08594
02190
00954
03825
00401
06793
09961
09564
07005
02355
04550
05290
02963
09410
06013
04174
03731
06026
02290
01873
08757
02238
07964
04316
03099
08269
01686
02981
05307
05552
07918
06744
06474
04521
01747
02989
09783
03293
09448
06841
03699
03088
02693
09786
08532
09978
05905
04707
06178
07081
08638
07877
08413
02222
02123
04966
03598
03033
04553
00590
04927
04208
03343
05648
04468
07531
09661
02315
01262
05772
05835
01617
01516
08380
05405
07847
06880
06953
07271
07610
05866
04665
00416
02717
04218
08581
09336
00248
07887
07224
03189
06009
00503
00560
07768
09752
00181
07197
01867
01972
07569
09841
00241
09407
05721
05754
09635
06521
09310
03338
01769
00284
09296
02852
04168
02332
03471
06850
07926
01651
02496
02758
09542
03836
04422
05783
00855
03197
01517
03704
07540
07156
08525
03184
03309
03141
08893
01879
09288
08390
07712
04244
01086
07772
00778
05545
08289
00563
03819
04808
04215
09986
01639
09719
03057
04627
06285
00414
04982
06714
03572
01778
08546
07142
03609
06201
02878
03557
01000
08967
09712
04802
09470
06546
08645
00599
02670
01070
05956
04076
06345
07523
03596
07679
06649
06238
00933
03389
09728
03817
05625
00329
05497
09380
04402
07746
01358
05606
05243
08995
10000
05848
01935
05388
04763
02312
05233
08775
00702
02581
05636
04393
09559
06406
04335
04475
02114
09488
00550
02076
08745
03345
03974
04502
06183
00210
00392
09471
01502
03221
08646
06055
00788
07646
06105
00469
04652
01772
01179
02376
00501
00293
06088
08428
09317
06127
00552
08401
03926
09133
05614
02507
05617
03532
07657
07008
01427
09366
03393
06320
04770
09837
04441
09891
07370
00853
09998
04407
04583
04228
04571
04184
06212
07828
00927
01933
01768
05991
09602
08816
02005
07527
03173
05045
09294
07842
02318
01165
04023
05023
04171
01965
07480
06966
08584
05247
04460
08318
08741
08162
04768
08808
06985
00839
04397
03032
04240
07742
00390
07085
06248
02531
06967
02039
09519
04189
01966
09672
04312
00146
07460
05933
08686
00792
06241
06851
06402
06511
06772
00555
09589
05161
00460
07379
01880
01418
06816
04220
08913
01658
07021
05008
01821
08463
03784
08300
02294
00579
06600
05583
07650
02409
04252
09911
06872
07366
07209
08280
09915
06340
06968
09862
00725
04614
00215
08210
05263
01732
08297
00724
00116
03944
06001
07836
04448
00957
09499
02747
02431
02382
05765
04292
05287
09175
00106
06508
08337
03711
05565
04764
05047
06305
08058
09495
09897
02680
01062
05855
08881
08977
06308
04819
06547
09723
03606
09088
01385
01404
03770
03065
04378
04001
05559
05944
03444
03352
05017
03129
06504
03580
03739
03177
04254
06068
00996
04769
09418
03282
07798
09586
05315
04729
04795
03382
05237
09367
05157
03895
00177
08396
03283
02494
02649
04387
01847
07233
08980
09096
06190
02616
02564
07160
00224
06140
04471
01809
09045
09736
09815
06446
03901
01991
05787
03809
00275
00513
00512
03680
08120
01604
01967
07504
03369
06122
02168
07980
09151
09531
01281
03526
04545
05365
04944
00889
04132
06630
05489
05305
09289
02553
01515
04587
05896
06379
09447
03742
00506
07167
03255
01973
01257
01006
07482
00161
01751
04831
01832
08608
04320
04709
07349
09500
09962
06867
01326
06279
04348
09506
01382
00173
01169
06324
02715
01845
06754
07677
00357
05248
08676
01908
05910
07747
03558
03150
08743
05506
04404
07790
01646
06269
02247
01670
05652
07740
01463
08270
00283
01988
08192
06383
07450
02528
03463
06937
04209
06404
08561
06087
07783
04322
07556
01874
03520
02128
06760
06050
07270
08540
04508
04672
08642
05982
03666
02764
06215
03130
01681
08100
03341
03902
03398
00589
07791
08175
02856
08199
03914
01435
04937
07363
04813
00245
07872
08203
07023
01273
03671
00110
02692
06220
07902
02699
04480
01302
01003
05384
08754
08152
08501
06567
03210
07720
07904
01877
07056
00428
06524
06927
04166
08590
04147
04516
02927
07861
06883
07825
00216
09744
05369
01675
03921
03289
03710
03987
06187
09657
07960
00107
03306
05012
00785
05040
03690
09669
02835
08227
02155
04705
05928
06917
06299
09109
02027
06395
05696
04843
06729
06639
08990
06457
00748
07693
05858
02059
03329
05782
09050
07763
08616
06857
05938
04517
06451
08955
02936
01828
05246
06253
09677
01362
01428
05810
03841
08108
09656
02218
06120
07254
01689
09214
02851
02630
09345
06557
07006
05845
06202
05869
08060
03595
08330
04994
08723
02719
03248
07631
07053
01506
03415
07103
05610
02097
09374
01231
07643
02656
02633
05634
04101
06473
02410
09339
08578
06456
08490
09731
00001
01067
04612
05411
07196
06392
05371
06774
08713
02274
03178
07848
06240
03518
03281
07915
06426
00973
07784
01445
05931
00968
02009
06989
04315
08819
08847
04283
03223
00873
06707
07580
00238
03961
03446
02596
05056
09580
07164
09574
04701
05510
02055
05132
04945
06497
07108
00205
08208
04081
06676
05030
09319
08975
00321
00439
00628
01804
07613
05445
07993
05959
00367
09344
08442
00182
09798
00023
06313
07305
01665
08621
04374
06373
09957
09481
06106
08822
08124
09027
07246
05468
05831
09642
09696
05450
04885
05993
06632
01842
05163
09729
04848
02051
08096
01236
04304
01928
01407
02902
03664
05191
03537
08082
01510
07335
01097
00307
06226
00685
06071
00689
00422
00514
01869
09666
01556
01261
06941
04679
00650
08747
06078
06835
03002
03328
07710
06422
05523
08909
03041
04780
05469
01659
07161
07030
05548
08940
05829
04572
06056
05568
07899
03304
01194
02407
09565
03300
03794
08287
04420
01047
01240
01082
05257
05484
00731
04236
08248
06948
06552
05713
09940
03813
05099
04589
01903
01909
04628
06038
07948
00286
09376
09861
09965
06433
04584
07537
02479
00308
06263
08065
02302
05761
05946
05764
04984
04042
02511
07322
02861
00466
01215
01823
04444
00030
04730
01274
02125
05512
00632
04140
09260
03925
05501
02046
04259
07609
01247
04862
08217
05232
08737
00619
06987
03641
07810
04546
06287
04173
04405
06693
08518
03336
09836
08984
06583
04195
01007
08344
07328
04482
08802
09155
04654
08452
05435
02481
04352
05409
06174
00250
04910
00261
08867
03656
02013
06767
08498
05113
09160
00077
07297
03724
05159
00934
01206
00986
08218
06222
04761
02061
01221
01858
08547
01553
04677
08927
06352
09092
08187
09449
06801
02404
00045
08991
06549
04689
02919
00857
09056
03277
03432
09477
07172
00798
02736
09945
05440
02853
03053
01616
03820
04900
08302
01443
05825
00150
02015
08915
01448
03823
02142
01963
06718
03174
08143
06104
00576
00929
02700
06286
09051
04889
00654
08735
02558
06401
09671
01024
07888
04162
04537
02783
05720
00172
03058
06597
04033
09629
01924
01896
04447
08178
08212
03893
07041
09706
05463
01619
01392
07287
09576
06171
06028
04796
00883
03023
09892
06326
06891
05753
03261
03849
00174
02179
00235
05544
08138
01085
07924
06915
09144
06792
07448
04956
09507
08039
09356
01544
04053
06006
09476
05301
03212
06800
05795
07516
05162
09900
03059
05649
02341
02730
09603
05598
06908
08976
07604
00679
05336
03958
09893
04246
06535
05538
06321
08444
05168
09378
03368
07851
08505
08256
07686
06327
00653
02460
08748
05312
09040
05880
01107
06594
00538
07775
06803
08009
02293
02476
06601
01159
04596
03747
03629
03155
02371
07718
01722
09699
04586
07779
01998
07141
06692
02248
01253
09131
04619
00510
07966
01049
07739
09539
07416
08204
01364
08934
00234
05722
00988
06166
08769
04474
03222
03533
03579
00749
02322
07434
04143
06042
04253
03457
03062
09697
05586
02349
08994
04547
07110
04424
07291
03871
03240
09803
07428
04202
03179
03749
07919
01731
09950
03307
05846
08782
06384
07032
03274
03927
07750
06529
07857
05214
03923
07067
05703
06303
02563
09809
03218
02818
06726
03136
07135
07442
05082
08431
07399
02836
07331
08595
01929
06441
01128
09707
03108
07735
09759
04464
06272
06585
03456
01038
08459
07456
02785
09797
03647
09120
04501
09904
07127
07895
00813
08205
02575
01784
02743
09792
08288
05752
02234
06660
09620
00066
07064
09023
07443
00593
05486
05134
09848
05058
06518
04949
09177
03903
09655
04363
07719
02493
04748
00407
08420
01316
00229
05590
01477
06089
09232
09664
02784
05345
03766
06044
02885
05627
02967
09611
04858
04745
04437
06477
08114
04465
09901
04523
07572
04622
01217
00412
05098
01256
08531
01497
09016
07114
02655
06342
03684
05374
08267
00729
03888
06034
04590
08263
02631
02774
03936
01693
07024
03869
05998
09234
09925
04962
04833
00686
00219
09049
09399
05448
01451
02428
08402
09421
07990
06204
01110
00746
07165
09969
09497
01748
02024
08626
09174
09181
08093
09153
05370
07845
04896
06858
06479
00564
06876
07116
02838
01160
05041
01719
01905
01421
04176
05562
09415
04866
07033
08969
05349
04359
00705
05542
06576
02402
07837
02742
03615
00176
07625
07709
06969
01325
05250
02535
09037
00397
04194
08387
06672
03074
05360
06579
06553
08113
05689
03707
02673
05589
07653
07193
04183
08615
05245
05382
05458
05926
04275
02270
03719
08670
08006
01533
08310
00298
04974
01413
03216
04093
03847
00406
07509
09019
05391
06786
02102
04454
09397
05876
01444
00828
09018
09117
06270
02433
00289
08859
09440
01437
02842
04851
08181
01210
02863
05115
01314
05513
04575
01203
00154
03951
01671
01891
04403
00067
05475
07122
07967
03143
00642
04673
05844
05631
03166
08071
01356
05378
07176
05518
07047
09189
01158
04787
04765
08073
07118
09992
04815
00935
08649
05669
04573
04611
08600
03291
07685
05363
05084
06871
01190
05660
08749
06581
07687
02946
06162
00336
00053
05034
04366
03390
09533
09667
06425
08840
05969
04846
01519
03092
06336
05653
08544
00006
04100
09967
05230
09535
09176
01716
04452
08693
00386
00991
00073
05036
00821
07581
02609
08174
01890
00688
00794
09365
06448
06762
09606
01993
04542
08772
03486
00117
04983
01311
01043
08731
03890
06124
05496
03217
05029
02034
08639
04416
00310
02654
06235
04903
06702
04111
02986
03981
01749
02066
08796
02167
08899
04528
05728
08722
01401
06773
09627
01911
04916
02679
06488
07477
02756
06509
02770
02644
02043
01555
04188
04024
03109
05921
03468
04391
04816
07846
01483
05399
00044
03938
01936
02287
05441
00977
02081
05736
03998
04060
06371
06845
06032
00341
00750
05894
04069
08456
06731
09265
07736
04492
03782
02191
02184
02328
01390
04211
02053
03866
09251
02356
00024
05028
08472
07954
05046
08013
03853
06670
08035
05807
07496
02510
08019
01093
07994
04193
06821
08493
06364
00368
01953
02685
06768
05101
02813
06025
01627
08075
02613
08314
04875
03627
02707
09651
02938
01864
04332
03342
03395
01222
08889
04271
04682
06244
08308
04450
08818
09541
05089
02932
00333
00402
08304
06052
04035
00875
02538
07396
02259
07040
09485
01910
05659
06698
02108
02414
04942
02966
01258
08414
01790
08407
05748
07288
09009
05051
03049
08730
04488
09036
03686
04690
07274
08383
04676
04991
08799
09248
04534
02953
06301
03080
08347
01009
09910
09975
08923
03722
08536
04470
08753
03347
05650
07997
09566
08238
08147
02311
09591
08629
08830
04660
02138
01347
00811
01729
05031
08022
03940
08309
01168
01359
09548
09029
03941
04327
05632
00554
08028
08835
07044
08249
00958
02539
01531
00863
08876
05110
01167
00502
05999
09846
01980
02714
09605
08470
02478
02678
03207
08871
09774
09588
08265
05948
05517
08279
00657
04169
09145
06152
05709
05915
01186
09851
09681
02325
06852
07925
07402
09785
06417
02961
07427
01597
09420
02490
06158
07554
02028
01282
03373
06717
04243
02956
04922
05415
00572
00431
07949
05067
05839
09742
00578
08473
07475
01021
09239
09478
03838
02040
00713
04714
03232
08682
06304
09981
05654
03475
02752
02049
09393
09675
08751
06654
02210
08105
08548
06067
06268
07944
02408
02523
01509
09659
01220
02129
00103
06799
07576
08206
04485
07045
01051
08585
07358
02590
08324
09596
09334
03202
00345
09209
07302
08873
07881
02577
00109
05849
08628
09286
08194
00936
08803
06625
08691
00556
04951
06624
05403
08509
06934
00815
04638
01291
08810
05805
01835
09183
00814
09411
00662
09107
07343
02466
03145
06214
03919
06685
07347
00185
02773
05902
01622
05901
05777
07107
00112
04631
02369
07284
04007
09773
05828
04376
03721
05121
03000
08348
02899
01286
00068
06180
07373
09207
02706
01449
02403
09340
07235
07883
01626
09641
04129
07401
03361
07692
03253
02105
00489
00294
07489
02256
07546
04775
04507
02949
09041
09115
03799
09382
02098
08128
07383
06832
03980
09810
05196
00615
06273
08636
02519
08607
08896
08376
03670
02283
04142
02518
04593
00328
03499
05775
04462
05890
09417
02993
06928
06855
06181
06617
03977
06922
02435
05212
01599
01760
05180
04710
08294
06590
04457
07555
06669
06979
01861
03400
07362
09342
08201
04527
03718
09287
03763
04695
08672
02642
08787
02827
03771
00096
00545
01399
09637
05936
05666
07937
01535
00504
02486
06179
03156
02243
09438
00191
06838
01147
00183
05992
07282
09649
03697
01794
09165
00313
02327
09359
05642
04061
06485
06764
08720
09885
02217
04095
07637
00358
02767
01944
08131
01400
00887
05175
09255
01536
07181
07981
06133
08085
08689
08942
07748
04047
02879
04124
09763
04341
03063
01649
07063
06119
03118
03119
07932
09946
00434
06696
09369
05154
06623
05072
08533
06167
02495
01654
00797
08502
06680
01985
09211
08157
03473
06627
09931
00304
00140
03899
05744
06840
02396
07225
00687
06191
03406
02497
04961
04781
03169
07956
07077
04280
02343
00914
06844
08229
03105
09094
01060
05699
03663
02844
03996
09134
09261
09007
09245
09577
04861
04954
06385
04242
02545
08023
05007
04738
05148
00315
08293
02284
04459
08259
05730
09853
08627
04633
05577
00251
00756
06648
02304
03796
05330
06131
06690
06094
00129
01212
05842
04340
09146
06029
04043
07844
04651
05646
09703
00695
08086
05437
02111
07771
00051
04743
04557
01728
04717
05718
00775
09705
00880
00482
01181
00614
06019
01342
03986
07602
02452
07738
01567
01265
06377
00836
08149
00697
06735
04776
00529
05872
09563
01779
03576
09003
07036
09549
05128
05734
03469
06277
09529
04349
00147
00723
09171
07588
04987
05193
05638
02825
02458
05428
02801
03910
00340
02173
06886
05010
07959
00461
03188
03746
02189
00383
04902
07864
05531
06444
02244
03527
06366
08526
03949
09817
09202
08677
08044
03295
08817
01862
01827
08807
05600
07498
06424
05453
09375
02740
06223
06686
03703
00876
01366
03235
00995
01337
00755
07716
00218
05972
02329
02561
07158
01868
01978
09475
03461
05255
01583
02845
03709
05594
08611
02883
01415
04372
02351
06848
00893
07415
01482
02543
03790
07946
09215
08290
06255
07089
07921
04979
00801
00171
06221
09053
06217
07039
04336
04503
02235
07808
02445
02591
06438
04385
08497
05206
05558
07252
00060
01380
02275
03364
04576
06018
01473
02006
01164
02400
05700
03844
06356
06484
00901
06096
07304
09643
06024
05651
01594
04098
07870
03928
00097
08857
07265
06933
06664
06949
09268
08514
02772
06925
07900
02942
08291
01678
04750
06515
07088
05757
00904
07793
01105
00950
05077
08853
06169
07159
06035
05198
01528
05492
00048
09113
04443
04771
00655
01575
00708
06347
07979
00842
07654
05624
08475
02021
06063
05602
07329
09806
02916
06697
06892
07155
03779
03733
03474
07269
08839
07986
08165
03513
09695
04350
07711
00966
09391
03394
02201
00759
00214
09228
04297
08111
00356
05799
00604
07080
07503
07425
05613
08895
00521
06065
08437
07424
05516
02866
07128
09776
03769
04205
01680
07824
09197
09240
03971
04789
04266
02641
00268
03254
04056
09521
05470
03992
04334
02691
03213
01504
09778
03589
05116
09112
06228
03860
07485
07060
03001
00849
09775
06932
01487
03867
04835
08964
02753
09976
05690
06946
06172
01750
03234
03434
05241
06683
07821
05603
04134
02803
07947
07360
01162
01322
01289
04626
08307
04809
01397
05420
01378
02455
03425
08997
03633
03850
02501
09172
08711
02241
05119
04006
04029
05529
03397
00909
04992
04439
06615
09968
01854
03167
06054
01852
03121
05676
05461
00658
04136
06833
03599
05462
02012
05924
02016
01178
08554
07058
01349
09264
04270
03712
06298
09266
02592
06296
01033
03112
07315
09886
07029
01849
04073
03734
04797
00192
00741
05325
01394
08669
05270
00351
02067
03561
07598
08095
05288
05267
04853
00608
07464
03848
08043
09065
03876
04040
08911
05207
00088
03462
08097
07073
05511
05818
01843
07991
07548
08102
06573
04963
08083
02472
06554
01640
01005
07859
02106
02484
00906
06884
05522
03290
03738
07046
09414
09999
09379
03818
02292
01279
03297
04529
01379
01064
07352
01209
06687
05505
02440
06367
04829
07022
07226
09355
06435
02406
00879
01387
07217
05877
00255
00736
01968
01724
04046
00784
09097
02533
02085
02056
02068
00437
08866
04792
02172
07471
06139
07615
03743
04539
02750
02045
01412
06229
05295
03918
06622
09835
01207
00595
06311
06737
03645
04383
06281
09005
07236
07559
08580
09863
08333
03957
09941
09395
08841
07143
00871
05724
04408
07577
03206
08510
03362
00007
04328
04649
03042
05408
04417
00038
07437
04084
00885
00894
05692
01690
09639
06556
04842
06153
05049
09871
02660
09059
09552
07289
09826
09709
05108
00244
07698
01656
04671
03510
04952
06663
06300
07133
02360
06706
05737
08098
07785
01014
09634
04172
05976
09343
04621
05218
01957
03448
02732
02689
01232
08678
05742
03754
09827
04624
03236
00032
09717
00831
09877
09762
09587
07389
06016
09880
01740
04845
08812
03182
07618
02755
02096
01225
03995
02907
04773
06224
06728
00664
09460
01111
01045
08894
03115
02444
02819
05874
08851
06589
09674
09392
05837
00470
05995
09829
06427
07871
07185
02871
07313
02638
06097
06431
09518
05541
08823
02829
06428
08804
08142
09441
03900
09000
05762
04161
05554
02007
09722
09298
06924
04998
00025
01791
03172
07681
07987
07694
05912
05884
09285
01155
09610
06310
02352
05670
08539
05644
00773
03187
00212
04105
01570
05871
00820
00994
06776
07866
00548
07708
06720
00649
08172
00270
08362
04585
04608
02840
00874
05989
08784
04473
05316
05297
06126
05595
01894
09546
01127
08074
02278
06250
01677
02805
06170
02793
08403
05136
05127
03399
05294
00072
06674
07371
09057
07096
02203
05551
05088
05499
08137
08630
09849
00258
01384
08698
05906
00884
04065
08352
09963
02868
09948
00277
05686
08721
07486
01268
01560
03198
01534
04059
08223
01766
08520
02469
02143
02421
09789
08303
09898
09213
01508
09072
04706
01816
09842
09490
00553
08574
09550
01250
01512
01277
03437
01438
08492
00865
07272
02859
02384
09555
05222
00267
00629
02205
04898
08024
08295
07433
06405
08762
05769
07973
07726
09487
00104
04075
06614
01036
00807
09693
08004
04395
00562
08450
08230
04892
09402
08606
00846
05678
03523
06813
07353
04179
06084
00031
07441
09996
00760
08572
06470
00157
00998
02498
04899
06533
03154
05011
00016
01472
02876
08562
09716
00781
07910
08099
07941
01527
05571
02192
00364
08925
08843
05074
00682
00907
05375
00228
06975
09353
00443
01066
04054
09571
07218
05704
01174
06970
00254
00204
03100
07303
09653
01188
07314
06498
07671
08106
03879
01782
06797
00559
07794
01655
09035
06414
08355
01248
01814
04390
09560
00709
01831
04074
01305
05055
07630
00385
09063
06652
08952
04711
05381
08765
08202
04418
03238
00398
03976
06923
08107
01721
01288
09469
06819
05306
06400
07368
01303
00918
06437
09772
03267
01511
05422
01479
08959
06100
09101
09164
08369
06874
08460
06196
01370
07983
09592
08320
07525
00517
06732
05252
06361
09140
08183
05362
04087
09275
00184
06049
03896
06489
08534
03571
05217
04515
08588
01522
06357
09916
04309
05146
06642
07199
06877
01513
05932
09930
08487
07094
09575
02377
00769
06635
05615
00830
02224
04544
01878
09267
09768
03668
08695
09012
08159
01888
04115
08047
08543
08827
07874
00827
05707
08341
04562
02365
00596
06957
01266
06569
03171
08750
05332
07640
07473
07678
02333
05860
07134
08364
08077
02286
02366
07279
08511
08025
00577
07123
03180
06465
08970
03547
06132
00911
03086
02416
03519
03464
06492
03737
06537
00752
08907
04299
02089
05199
00809
05006
06216
02676
07300
04269
05394
09932
01414
07722
08250
03011
08892
06766
05566
08089
02891
00080
00320
07649
06755
04346
09173
01950
07829
05766
07850
06462
04150
05628
06794
01853
05847
02955
09426
07696
02260
00860
04552
08610
00549
01374
02708
03440
03103
04229
08449
06818
03209
09046
00571
05729
01315
06073
03607
05816
02877
09524
06658
02547
02297
02177
05937
09616
00726
07668
05935
09732
05706
00949
02937
00656
06805
02694
09105
01464
08614
07459
02529
08988
03824
01170
06560
07345
03420
05958
09169
05922
08377
07259
04234
06889
01789
08790
06459
09103
03715
05431
06810
03661
06715
05780
01263
08916
07617
06846
07762
08045
02704
05821
00396
05111
02213
09184
04625
04015
05274
04277
06156
03620
07862
07440
06517
08560
03506
04118
08358
04959
09084
08397
05426
06826
09347
00620
05701
06980
02889
07672
06641
07206
04805
04906
08785
05142
00971
02022
08800
09819
00945
02074
01994
03374
07776
05978
01942
04522
01598
07731
02781
02185
06295
06807
00931
09834
09087
01416
02573
00763
03798
00496
00143
01763
01176
07126
02551
09929
00737
09881
01669
04204
06938
06165
00372
09676
09422
06608
05971
00468
08464
04235
00108
00758
07350
04855
00346
05482
04561
02718
07622
06197
01593
01697
08342
08173
03098
08434
08389
08538
00302
09557
00910
05963
08030
01223
08662
07814
02272
09536
04643
07876
02196
00952
03916
00020
03567
01915
01083
07011
05189
00352
08706
00223
03511
04258
09126
01371
07714
05039
01294
06467
04739
05841
02536
05282
06677
04264
06396
00382
07633
08076
07191
05033
01344
05144
09430
01836
02992
04921
08277
03330
02254
08130
02754
08066
01565
02776
00600
02837
04826
07645
00866
02113
03412
09077
03251
05813
07543
03185
06362
05114
06331
01550
02548
00777
00093
09178
07386
04313
04708
01329
05620
09431
04364
08112
06245
01138
03792
03284
00375
04680
01434
05708
03947
00551
05635
03984
09782
04373
05069
09888
02359
04145
08371
02542
00462
09156
03502
04499
09341
02166
03591
01338
02646
04645
02560
03616
08805
08432
02576
01667
09167
05022
07025
09017
04505
02165
08327
04579
06020
07753
00380
02635
03909
02695
03460
06231
02789
04784
01141
05641
01579
05830
01467
05334
01494
06302
04883
09984
04498
01104
02924
09307
07263
06825
00086
09030
03403
01739
09867
05396
07660
03028
07940
09226
03072
02178
04286
07458
02219
03265
02100
01271
06332
05135
01844
02204
06085
05014
04543
08668
04825
00573
04592
02127
06496
01205
02786
05870
07822
08275
08481
04746
00384
05793
05083
04157
09352
02556
09424
05994
07324
01056
01546
07597
05319
07244
07901
00770
02532
04989
05996
09313
09808
08375
05167
06500
05372
02131
00095
01208
01574
05464
04725
03675
08254
07515
06705
08232
00965
02401
01466
01166
01962
00535
04616
08226
00921
03043
00643
08701
07394
08404
03458
09905
02227
08926
07168
06629
04687
02652
06631
00747
03159
07815
09859
08571
06062
00916
02324
01893
04703
01582
08875
01280
07534
07858
06550
04913
09845
02839
04907
07961
08322
00366
08981
02911
02959
06109
00249
07903
03276
04148
06963
02896
01863
06095
05443
09425
02181
09212
02375
02442
05155
05909
04836
01587
03007
08948
01327
00490
06815
03545
01073
07606
00054
01588
02580
01629
05169
09467
06657
04139
03759
01995
01246
02945
01850
00419
07518
01895
09064
09330
07601
08905
03501
00984
09807
07378
01478
04394
01151
03288
04912
06000
01761
05386
09013
08507
09108
00698
07578
06775
09080
03487
09558
02480
09498
08221
01175
01244
09284
01532
00961
09850
09989
03310
03935
07333
07256
07856
06523
00841
01715
06935
03052
01275
05227
05150
03917
02934
08856
09322
01388
09436
08200
07755
07068
08945
01059
08462
00854
07702
07566
08366
08242
06796
00645
09713
08126
07395
05843
08710
06671
04062
07125
05661
09291
00641
00505
03522
07205
05520
02909
02625
03017
04131
04425
03975
00495
05081
09714
01252
08343
04712
00164
04049
05491
03795
02228
03348
01218
07804
00317
04089
09073
02229
09309
07699
06578
07354
01037
00441
01707
09102
05895
06881
05424
09453
03442
00201
02721
05421
00903
08760
08774
06039
05439
04610
09219
08537
02130
06502
03783
06468
08575
01822
00601
02640
09014
04901
03803
01713
09631
01644
04568
08010
04324
02875
04641
09572
07397
05990
01295
01712
05266
00738
01699
08770
07086
04300
05735
09743
04871
04751
03326
05417
08476
01803
00800
01057
08903
00075
07166
04923
04754
04160
01783
01688
06348
09360
05062
08148
08243
04463
03493
05352
00745
02777
04216
04196
05943
06199
08276
05640
05444
04282
09633
07413
01708
09952
00457
07447
02757
07436
02908
08633
00079
05864
03960
06784
04860
06973
03551
06149
06849
00616
00786
09525
07120
03750
09086
07240
01245
08386
03705
05702
06173
08313
06582
00919
05939
05528
00719
01227
06911
03327
07102
07307
03639
05838
03883
05471
05534
08469
07258
04020
08795
00247
07075
03245
08786
04567
09129
01925
01620
06490
03431
07542
00990
02249
07593
08718
05674
09148
04852
02698
01541
05356
06839
01521
05423
06506
07894
01431
07453
05185
04170
09913
01041
01196
09111
04154
03287
05809
07317
04137
05609
01795
09578
02423
04449
05338
02867
01611
01090
08214
07665
08665
09724
03219
01004
05886
05953
03383
09338
05264
03538
01287
07327
05675
05494
01026
07803
03811
07072
05317
01423
05256
09973
02537
03764
00232
09959
05717
01503
02499
04068
03220
03429
07535
07002
04125
00444
02281
01094
08430
05117
05176
05836
07929
04632
08854
04791
08171
06875
02794
01441
00200
04988
01238
07999
04224
04406
02029
02760
05202
04339
09398
04116
04011
07697
04693
07273
02378
00454
06757
05904
05182
06134
03983
05406
05820
05667
05340
07914
07296
08635
05404
08752
07896
05637
00922
09383
01197
07260
08399
09208
07520
06130
09237
03494
04451
02372
07444
07584
06691
04569
06114
01121
07713
07840
09377
07381
03308
02424
02881
04647
06177
01054
06193
08887
09300
05015
06992
02792
02263
01120
04008
02817
08519
02804
03120
02612
06209
02627
07647
06410
09437
04399
08400
01976
08517
05436
02769
05432
08605
01324
04623
01345
05027
07057
06360
04570
06653
00008
00299
03815
01468
02095
09678
08577
01561
01053
09290
06481
05607
08195
08331
07192
08579
02188
05346
02434
03594
06007
04510
02087
09640
01683
03013
09704
00848
06795
05682
01757
07501
03201
00660
02904
09262
03777
07497
02368
03637
08890
04479
09828
04121
00902
04102
04713
03451
01442
02521
09465
04686
00301
07536
03014
00083
03488
06637
09811
01189
00446
08193
06739
04856
05158
04934
08985
05398
05889
01940
03337
01143
09912
07332
03894
09875
03846
00477
04401
08632
08556
05293
00677
04675
04214
01664
05333
00405
03093
05373
02162
01002
08685
01661
00635
06531
02939
02503
03672
05291
09926
03966
01233
05965
09919
05447
02650
09796
04578
00523
01997
05410
06150
03083
03907
09233
08020
08837
01242
05284
02120
01500
03560
00188
08551
08260
04881
08405
00043
01126
07545
05213
06643
06309
08613
03490
03989
06990
09840
09409
01705
07564
08567
08166
02208
00361
04044
06863
04442
08921
00417
00580
06318
06843
07298
03421
09404
07873
07809
07878
03943
03833
02900
02044
07749
03761
01331
03079
06491
07463
03450
04496
08298
02052
05032
01219
03385
01591
02468
06111
09741
01308
09748
08660
05474
09247
00069
05347
06742
09297
07409
07059
06339
01726
05519
05503
07923
07285
02124
03964
04107
01011
05192
04967
00411
04760
02775
00915
01596
02567
05691
03252
09034
01918
04217
02665
09598
07095
04778
00566
08971
04840
01125
08767
04828
00808
04421
05105
01012
04740
05584
07849
05975
03891
04231
06647
08145
02847
00610
04847
07137
01742
03831
01035
08680
09547
03603
02115
02582
01694
00733
08862
02639
03371
04799
05016
03767
07411
09812
05760
01549
03498
02944
01755
01559
02602
05887
02042
09152
07466
09512
00539
04662
04120
01815
04733
04721
00125
07066
06075
07255
06346
01954
04728
07492
07052
07151
04756
03271
04882
01723
00981
04198
03204
07183
03884
07675
04506
03215
07624
00867
09270
00795
00486
08003
07774
07852
02745
01304
06283
04467
06633
08027
04972
08603
01802
04658
08564
02912
03402
05449
03301
00047
05095
01934
04128
03821
09308
07210
07831
05663
07451
08998
03176
09691
07907
05367
06330
03012
00018
09855
05612
05834
08712
03801
08499
05311
07078
09062
03148
05211
06868
00997
04844
07310
08103
06724
01091
01558
05331
02110
06827
01357
05179
09721
06662
01672
03612
05314
03233
02930
03111
06998
03568
08943
04036
05261
06265
05961
01192
02987
03726
04210
02047
07320
06445
04238
07912
06593
08801
01187
07001
07592
03988
09068
07704
03953
09278
00449
00115
06921
07958
02487
07055
00347
04519
02893
07927
03605
08494
07113
00019
01756
07430
03632
09756
09685
03702
01952
00648
08228
07341
01393
02182
04908
00597
00046
05881
02608
07989
00448
03875
07449
01330
03258
09454
09439
06939
09995
03835
07756
05974
05867
05788
05949
08283
05231
09823
08755
00766
06254
09163
05380
08087
03630
06184
01563
01087
00374
04884
08219
05258
08957
08742
05952
02968
00587
08005
08973
00242
02892
06092
09384
04917
03453
01410
02032
01641
08667
04600
04057
03544
05173
01340
02768
06885
06375
06291
01270
03381
08382
05803
06015
01906
04431
03830
09443
00132
08746
08168
06408
07369
00092
07481
01797
06733
08361
07682
07318
06716
04337
03826
04361
03648
03104
01092
00206
02614
02065
04135
09720
00148
09561
00300
03802
08570
07414
05913
05794
03384
09534
04684
06182
09272
00135
08445
07201
03153
08252
08852
08591
07820
05147
09227
04957
03652
03885
02474
01100
02666
02271
02802
04477
02436
08156
06423
00297
07513
02017
03793
04256
05434
02888
03311
04558
00263
03756
02258
02972
05560
02230
02171
02336
05817
01134
08860
09793
02725
05592
01285
00507
00978
06904
02661
02589
04897
08016
09755
03376
08929
00005
09216
03208
08037
08257
01572
06412
07528
09896
02463
06960
05733
09157
